175  36  2
177  38  2
178  40  2
181  45  2
183  49  2
185  58  2
188  65  2
190  75  2
191  85  2
192  94  2
192  105  2
192  117  2
192  131  2
190  143  2
187  156  2
183  167  2
179  177  2
175  187  2
171  197  2
166  207  2
162  214  2
157  219  2
152  223  2
148  225  2
144  226  2
142  226  2
141  226  2
140  223  2
139  220  2
138  216  2
137  210  2
136  203  2
136  196  2
136  189  2
137  182  2
140  175  2
145  167  2
151  161  2
159  154  2
167  149  2
176  144  2
185  141  2
192  138  2
197  137  2
199  136  2
200  136  2
202  136  2
248  133  2
248  136  2
248  139  2
248  143  2
248  147  2
248  152  2
248  157  2
248  163  2
246  169  2
242  176  2
240  182  2
239  188  2
236  194  2
231  200  2
228  206  2
224  211  2
222  216  2
219  218  2
217  221  2
215  222  2
214  223  2
213  224  2
212  225  2
207  215  2
207  213  2
207  211  2
208  208  2
210  204  2
212  201  2
217  198  2
222  195  2
228  192  2
235  190  2
244  188  2
253  184  2
263  182  2
273  180  2
277  179  2
280  179  2
281  179  2
406  178  2
405  179  2
404  181  2
403  186  2
399  195  2
395  206  2
388  218  2
377  232  2
362  249  2
341  267  2
320  286  2
293  303  2
268  318  2
244  333  2
227  344  2
211  352  2
201  359  2
192  362  2
185  363  2
181  364  2
178  364  2
174  363  2
172  362  2
169  358  2
166  355  2
164  350  2
161  347  2
160  342  2
158  337  2
157  333  2
155  324  2
155  321  2
155  317  2
155  314  2
156  311  2
160  309  2
164  307  2
170  306  2
178  306  2
188  305  2
199  305  2
211  305  2
225  305  2
238  305  2
250  305  2
261  305  2
272  305  2
280  305  2
287  305  2
293  305  2
297  305  2
300  305  2
302  305  2
305  305  2
306  305  2
308  305  2
348  335  2
348  339  2
348  345  2
348  348  2
347  350  2
345  354  2
344  358  2
339  366  2
335  376  2
329  387  2
322  397  2
314  411  2
306  422  2
298  434  2
290  444  2
282  454  2
273  463  2
264  471  2
255  478  2
246  482  2
236  486  2
226  490  2
217  491  2
208  492  2
200  492  2
195  492  2
189  492  2
185  492  2
182  492  2
179  492  2
176  492  2
173  490  2
172  487  2
170  485  2
169  483  2
168  481  2
167  478  2
166  475  2
166  473  2
166  471  2
167  468  2
170  464  2
175  460  2
185  456  2
197  452  2
210  448  2
224  442  2
239  437  2
256  431  2
275  426  2
297  420  2
323  412  2
345  406  2
369  402  2
390  399  2
408  398  2
423  396  2
435  395  2
444  394  2
449  392  2
452  391  2
453  388  2
455  388  2
457  387  2
458  387  2
459  387  2
460  387  2
461  386  2
463  385  2
463  384  2
464  383  2
464  381  2
465  378  2
465  374  2
466  368  2
466  363  2
466  356  2
466  348  2
466  341  2
466  334  2
466  327  2
466  321  2
464  314  2
461  307  2
457  299  2
452  292  2
446  284  2
441  277  2
436  271  2
431  266  2
424  260  2
417  257  2
410  255  2
403  253  2
396  252  2
387  251  2
380  250  2
375  250  2
367  251  2
363  253  2
358  255  2
354  257  2
350  259  2
347  261  2
344  263  2
342  266  2
340  268  2
339  271  2
337  276  2
335  282  2
334  289  2
332  297  2
331  306  2
328  317  2
325  329  2
323  345  2
320  360  2
319  378  2
318  396  2
315  411  2
313  432  2
310  448  2
305  468  2
298  485  2
293  500  2
290  511  2
286  520  2
283  528  2
279  534  2
275  539  2
271  543  2
268  545  2
263  547  2
260  547  2
256  547  2
252  548  2
246  549  2
239  550  2
232  552  2
223  553  2
214  555  2
204  557  2
196  557  2
189  557  2
183  557  2
176  557  2
172  557  2
167  556  2
164  554  2
161  553  2
159  552  2
156  550  2
154  549  2
152  546  2
148  544  2
145  541  2
142  537  2
138  534  2
135  528  2
133  522  2
131  515  2
130  509  2
130  503  2
129  498  2
129  491  2
129  484  2
129  477  2
131  468  2
134  461  2
137  454  2
141  446  2
144  440  2
149  434  2
157  427  2
165  421  2
175  416  2
188  412  2
201  408  2
213  405  2
226  402  2
235  399  2
242  398  2
247  398  2
249  397  2
251  396  2
213  373  2
213  375  2
213  378  2
213  382  2
213  389  2
213  397  2
212  405  2
210  414  2
208  424  2
206  432  2
203  441  2
201  448  2
197  454  2
197  458  2
196  461  2
195  464  2
195  465  2
195  466  2
194  466  2
195  466  2
195  465  2
197  462  2
200  461  2
206  457  2
212  454  2
218  450  2
225  445  2
229  441  2
232  436  2
236  432  2
238  429  2
239  427  2
240  426  2
240  424  2
241  424  2
241  423  2
242  423  2
242  422  2
245  348  2
245  349  2
245  351  2
245  354  2
245  358  2
245  362  2
245  367  2
245  371  2
245  375  2
245  381  2
243  385  2
241  390  2
240  395  2
239  398  2
237  400  2
237  402  2
237  404  2
236  404  2
236  405  2
238  403  2
241  402  2
246  399  2
253  397  2
261  394  2
269  392  2
279  388  2
290  386  2
301  385  2
311  385  2
319  384  2
327  384  2
333  384  2
335  384  2
336  384  2
337  384  2
337  383  2
337  382  2
371  30  2
371  33  2
371  37  2
371  45  2
371  55  2
371  65  2
371  75  2
370  85  2
368  96  2
364  106  2
360  118  2
357  125  2
352  132  2
350  137  2
347  142  2
345  146  2
344  150  2
343  152  2
342  152  2
340  151  2
338  147  2
336  137  2
335  127  2
334  117  2
334  109  2
334  102  2
334  97  2
336  91  2
339  87  2
342  82  2
347  78  2
350  76  2
356  73  2
361  71  2
365  69  2
370  69  2
374  68  2
378  68  2
383  68  2
387  69  2
393  71  2
398  73  2
404  75  2
410  77  2
417  79  2
424  81  2
432  83  2
439  84  2
446  84  2
452  84  2
456  84  2
458  85  2
459  85  2
249  -14  2
249  -13  2
249  -11  2
249  -8  2
246  -3  2
239  11  2
233  18  2
228  26  2
220  33  2
212  41  2
205  49  2
197  55  2
191  61  2
186  66  2
183  70  2
181  74  2
180  77  2
179  79  2
179  80  2
179  81  2
179  82  2
180  82  2
182  82  2
186  82  2
194  82  2
206  82  2
221  82  2
245  79  2
277  72  2
311  61  2
344  53  2
374  46  2
396  42  2
408  38  2
417  37  2
420  37  2
420  36  2
273  42  2
273  45  2
273  56  2
273  64  2
273  73  2
273  84  2
273  96  2
273  109  2
273  122  2
273  136  2
273  149  2
273  162  2
273  172  2
273  183  2
273  193  2
272  201  2
270  208  2
268  213  2
266  216  2
266  218  2
265  218  2
264  218  2
264  217  2
264  214  2
262  209  2
260  204  2
258  199  2
257  193  2
256  187  2
255  181  2
255  176  2
255  172  2
255  166  2
255  162  2
256  156  2
259  150  2
262  144  2
266  138  2
270  131  2
275  126  2
281  121  2
288  117  2
295  114  2
304  111  2
312  107  2
321  105  2
329  103  2
338  101  2
345  100  2
352  100  2
355  100  2
295  -1  2
295  1  2
296  5  2
301  13  2
305  22  2
312  33  2
320  46  2
332  66  2
344  85  2
360  107  2
374  130  2
387  154  2
400  178  2
412  204  2
423  228  2
435  250  2
448  271  2
458  290  2
468  305  2
477  318  2
484  329  2
489  336  2
493  342  2
496  345  2
498  345  2
499  346  2
500  346  2
500  345  2
501  341  2
502  337  2
503  333  2
505  328  2
507  322  2
509  316  2
511  309  2
513  302  2
373  -20  2
373  -19  2
373  -18  2
373  -14  2
374  -11  2
375  -8  2
375  -4  2
376  1  2
378  5  2
380  9  2
381  11  2
482  75  2
482  76  2
482  79  2
482  82  2
480  88  2
477  95  2
473  104  2
467  112  2
459  124  2
450  136  2
436  155  2
423  175  2
405  198  2
384  224  2
360  248  2
336  272  2
311  299  2
287  321  2
265  345  2
248  363  2
238  377  2
230  386  2
225  392  2
222  396  2
221  397  2
221  396  2
221  395  2
223  262  2
223  263  2
223  266  2
223  269  2
223  272  2
223  277  2
222  282  2
220  289  2
218  296  2
215  305  2
212  313  2
210  322  2
206  329  2
204  336  2
202  342  2
201  347  2
200  349  2
198  350  2
198  351  2
