262  83  2
263  86  2
264  89  2
265  94  2
266  99  2
267  104  2
268  110  2
268  116  2
268  123  2
268  130  2
268  138  2
267  146  2
263  153  2
260  160  2
256  168  2
250  174  2
245  180  2
239  187  2
231  192  2
225  196  2
218  200  2
213  204  2
208  208  2
204  213  2
200  217  2
196  222  2
193  227  2
190  229  2
187  232  2
186  234  2
184  235  2
183  236  2
182  236  2
182  234  2
183  231  2
187  225  2
192  220  2
197  212  2
205  206  2
214  198  2
224  190  2
233  182  2
243  172  2
251  162  2
259  151  2
267  140  2
274  131  2
281  121  2
287  112  2
293  103  2
298  94  2
304  86  2
308  79  2
310  74  2
312  68  2
313  63  2
315  59  2
315  55  2
316  52  2
316  49  2
317  47  2
317  44  2
317  42  2
317  40  2
317  37  2
316  35  2
316  33  2
314  31  2
314  30  2
313  29  2
312  29  2
311  28  2
310  28  2
309  27  2
308  27  2
306  27  2
304  27  2
302  27  2
300  29  2
297  31  2
294  34  2
290  37  2
288  39  2
286  41  2
283  42  2
282  44  2
280  47  2
279  49  2
278  52  2
277  54  2
275  58  2
274  64  2
270  71  2
268  78  2
265  87  2
263  95  2
261  104  2
259  112  2
258  122  2
257  130  2
257  140  2
257  148  2
257  156  2
258  166  2
261  175  2
264  183  2
267  192  2
269  199  2
270  206  2
273  213  2
274  219  2
276  225  2
277  231  2
279  237  2
283  244  2
286  253  2
289  261  2
294  270  2
301  279  2
308  289  2
315  298  2
321  307  2
328  316  2
332  323  2
337  329  2
340  334  2
342  337  2
